0, A-FO-od, {958, 961, 2248, 2996, 2997, 3370, 4226, 5298, 5484, 5997, 6205, 6374, 6522, 6825, 7344, 7805, 7967, 8973, 9401, 10659, 12644, 12658, 12660, 14378, 15540, 15552, 16399, 16455, 16503, 16744, 16769, 16896}
1, A-FO-xo-a, {2235, 4226, 6374, 7097, 7099, 9401, 16744}
2, A-FOh-xs-f, {2235, 3496, 6825, 7099, 7436, 7805, 10762, 12647, 15530, 15531, 16744}
3, A-FOj-xs-b, {813, 958, 961, 962, 2235, 2248, 2837, 2843, 2996, 2997, 3496, 3498, 4721, 5298, 5475, 5484, 5993, 5997, 6000, 6205, 6519, 6825, 7344, 7439, 7966, 7967, 8400, 8973, 10659, 12630, 12641, 12644, 12647, 12658, 12660, 14378, 15540, 15552, 16397, 16399, 16455, 16502, 16503, 16744, 16769, 16816, 16825, 16878, 16896}
4, A-FOo-bbo, {2235, 3496, 5001, 6825, 7097, 7099, 7344, 10762, 12611, 12647, 16245, 16744}
5, A-FOp-bs, {2229, 2235, 3496, 5252, 5471, 6205, 6374, 6825, 7099, 7222, 7344, 10762, 12647, 16245, 16744}
6, A-FOu-bbo, {313, 962, 2235, 2248, 2837, 2843, 2996, 2997, 3370, 3496, 3498, 5298, 5463, 5471, 5475, 5484, 5993, 5997, 6205, 6374, 6522, 6825, 7099, 7222, 7344, 7439, 7966, 7967, 8752, 9401, 10762, 12647, 12658, 12660, 14378, 15552, 16245, 16397, 16399, 16502, 16503, 16744, 16769, 16825, 16896, 17031, 17127}
7, A-HAS-xsl-ci, {1236, 2235, 2238, 2840, 2843, 2996, 2997, 3495, 3496, 3498, 5993, 5997, 6000, 6205, 6519, 7344, 7439, 7967, 8551, 11442, 12627, 12642, 12646, 12647, 12660, 14378, 15546, 16744, 16754}
8, A-HAd-kd, {958, 1236, 2235, 2248, 2840, 2843, 2996, 2997, 3495, 3498, 5475, 5993, 5997, 6000, 6205, 6519, 6825, 7344, 7439, 8551, 8973, 11445, 12627, 12642, 12646, 12658, 12660, 14378, 15552, 16455, 16744, 16754}
9, A-HAm-cib, {813, 815, 958, 2235, 2248, 2840, 2843, 2996, 2997, 3498, 4721, 5298, 5475, 5484, 5993, 5997, 6000, 6205, 6519, 6825, 7344, 7439, 8400, 8973, 10659, 12641, 12642, 12647, 12658, 12660, 14378, 15552, 16397, 16399, 16455, 16502, 16744, 16878, 16896}
10, A-mgn-PMI, {15531}
11, A-mgn-PRK, {7436}
12, A-s-PMI, {6825, 15530, 15531, 16744}
13, A-s-PRK, {7436}
14, P_-HAb-cib, {813, 958, 1236, 2235, 2238, 2246, 2688, 2840, 2843, 2997, 3495, 3496, 3498, 4721, 5986, 5991, 5993, 5997, 6000, 6205, 6519, 7344, 7439, 7966, 8551, 11429, 11442, 11445, 12642, 12647, 12660, 14378, 16397, 16502, 16503, 16744, 16754, 16816, 16825, 16878, 16896}
15, P_-HAj-xci-od, {2238, 2246, 2688, 2689, 2840, 2843, 3496, 3498, 5991, 6000, 6205, 7344, 8551, 8910, 11442, 12642, 12647, 14378, 16502, 16767, 16816, 16896, 17182}
16, P_-HAo-ci, {2688, 2689, 2843, 7344, 12618, 14378, 15527, 16502, 16767, 16896}
17, P_-HAw-fr, {2688, 2689, 2843, 3498, 5986, 7344, 8910, 14378, 16502, 16767, 16896, 17182}
18, P_-SKq-stq, {2225, 2227, 12618, 14303, 16502, 16739, 16740, 16742, 17127}
19, P_-TK-s, {2689, 2843, 7344, 12618, 14378, 15527, 16502}
20, P_-TKa-xs-k, {2225, 14303, 16739, 16742}
21, P_-TKk-sf, {12618, 14251, 14303, 15527, 16502, 16742, 16896}
22, P_-TKo-stq, {2225, 14251, 14303, 16739}
23, P_-WYa-st, {17127}
24, P_-WYd-kd, {12618, 17127}
25, P_-WYm-sp, {12618}
